[array([0.145, 0.515]), array([0.755, 0.275]), array([0.395, 0.875, 0.635]), array([0.275, 0.955, 0.515, 0.145]), array([0.635, 0.395, 0.755, 0.875]), array([0.515, 0.145, 0.955, 0.395, 0.755]), array([0.875, 0.275, 0.635, 0.515, 0.145, 0.955]), array([0.145, 0.275, 0.395, 0.515, 0.635, 0.755, 0.875, 0.955])]
[array([0.725, 0.285]), array([0.785, 0.305]), array([0.145, 0.395, 0.915]), array([0.815, 0.245, 0.355, 0.695]), array([0.665, 0.365, 0.785, 0.845]), array([0.185, 0.745, 0.315, 0.865, 0.455]), array([0.845, 0.305, 0.665, 0.485, 0.175, 0.925]), array([0.175, 0.305, 0.425, 0.545, 0.665, 0.785, 0.905, 0.945])]
[array([0.515, 0.515]), array([0.74, 0.26]), array([0.12 , 0.347, 0.943]), array([0.869, 0.174, 0.339, 0.75 ]), array([0.68, 0.35, 0.8 , 0.83]), array([0.152, 0.805, 0.251, 0.912, 0.425]), array([0.83, 0.32, 0.68, 0.47, 0.19, 0.91]), array([0.13, 0.26, 0.38, 0.5 , 0.62, 0.74, 0.86, 0.96])]
[array([0.75, 0.75]), array([0.73, 0.27]), array([0.155, 0.385, 0.905]), array([0.795, 0.265, 0.365, 0.665]), array([0.695, 0.335, 0.815, 0.815]), array([0.17, 0.76, 0.3 , 0.89, 0.47]), array([0.815, 0.335, 0.695, 0.455, 0.205, 0.895]), array([0.14, 0.27, 0.39, 0.5 , 0.62, 0.74, 0.86, 0.96])]
[array([0.99, 0.01]), array([0.718763, 0.261649]), array([0.165, 0.375, 0.895]), array([0.785, 0.275, 0.37 , 0.65 ]), array([0.707, 0.323, 0.827, 0.803]), array([0.2  , 0.73 , 0.33 , 0.84 , 0.455]), array([0.805202, 0.344798, 0.704798, 0.445202, 0.214798, 0.885202]), array([0.12, 0.25, 0.37, 0.5 , 0.62, 0.74, 0.86, 0.96])]
[array([2.900e-05, 1.417e-03]), array([0.722018, 0.263976]), array([0.178771, 0.37214 , 0.880781]), array([0.792676, 0.264502, 0.367988, 0.657198]), array([0.728, 0.302, 0.848, 0.782]), array([0.218, 0.712, 0.348, 0.81 , 0.446]), array([0.79173, 0.35827, 0.71827, 0.43173, 0.22827, 0.87173]), array([0.114226, 0.244226, 0.364226, 0.5     , 0.62    , 0.74    ,
       0.86    , 0.96    ])]
[array([0.305976, 0.997403]), array([0.721323, 0.261711]), array([0.184441, 0.353663, 0.875638]), array([0.791656, 0.265832, 0.368297, 0.656143]), array([0.591139, 0.057257, 0.976087, 0.523586]), array([0.2288, 0.7012, 0.3588, 0.792 , 0.4406]), array([0.013373, 0.928169, 0.299072, 0.839656, 0.777563, 0.029987]), array([0.109607, 0.239607, 0.359607, 0.5     , 0.62    , 0.74    ,
       0.86    , 0.96    ])]
[array([0.422868, 0.002773]), array([0.724285, 0.264402]), array([0.181867, 0.354586, 0.878279]), array([0.78961 , 0.268623, 0.368839, 0.654212]), array([0.745989, 0.305287, 0.849251, 0.788893]), array([0.23528, 0.69472, 0.36528, 0.7812 , 0.43736]), array([0.789513, 0.359715, 0.71644 , 0.416791, 0.231308, 0.873588]), array([0.104988, 0.234988, 0.354988, 0.5     , 0.62    , 0.74    ,
       0.86    , 0.96    ])]
[array([0.005626, 0.830621]), array([0.722773, 0.263092]), array([0.179573, 0.365715, 0.88021 ]), array([0.787305, 0.271802, 0.369425, 0.652092]), array([0.756823, 0.306295, 0.854453, 0.799818]), array([0.238844, 0.691156, 0.368844, 0.77526 , 0.435578]), array([0.790638, 0.361606, 0.71546 , 0.410503, 0.238615, 0.878998]), array([0.103545, 0.233545, 0.353545, 0.5     , 0.62    , 0.74    ,
       0.86    , 0.96    ])]